1
1000
0.8524416333258532 0.10509423713128929 0.08815401792981264
0.8159380261721014 0.9283615869743904 0.06506138332614715
0.16037620304455857 0.8379584007106446 0.08769461755356965
0.18716617022239024 0.8868886907863716 0.0799853806448405
0.24233143864726125 0.7019348698722981 0.06875887638750038
0.27242426346314996 0.238359622377179 0.11723782184628583
0.834346642814771 0.8955947855575725 0.17009943161005137
0.6187620782172887 0.43417598021545956 0.024806382704254483
0.08580733351628056 0.6011241522799353 0.06841867782546325
0.5550349626199406 0.27623192906697747 0.1143485709384326
0.08674855114641122 0.7104091831765399 0.10263832270997414
0.4532860232487935 0.2604383331957201 0.014685306993883308
0.08548687993150395 0.49610193877951525 0.0662486636527355
0.8702598369325887 0.9389627015949508 0.1444461273235523
0.87080325791716 0.5291485419104847 0.05813161625730352
0.07127095971196296 0.22742516329341422 0.19014986023512553
0.05066897399408077 0.10274809361283099 0.05457003452690317
0.07957017370003838 0.631711421679263 0.1838392787649175
0.3558887499051826 0.77908231066332 0.011875814087250337
0.43999340745753446 0.00726594545600634 0.13640971545786787
0.035347337450828076 0.27805036195036426 0.051480380871125275
0.5128036846373879 0.7512843279039948 0.0499570673999596
0.6524849034115436 0.3596655298744954 0.1605972341410911
0.9833755718648194 0.1840777652507698 0.1026707106797324
0.512262536414666 0.18110515712386765 0.0767261322428447
0.7812339453289574 0.32835567782994246 0.1677391190604315
0.7756566372324497 0.6374081661934952 0.15023687837539923
0.12782614009968152 0.7319584729229817 0.035021146731957865
0.39546182732829294 0.707621598284581 0.10483581365299562
0.5905375788985219 0.39774398040580927 0.18934110184479727
0.03307930021960792 0.8463122840350153 0.07154479993194914
0.9094870197608483 0.14033128649322468 0.047542316664135775
0.40059417022710353 0.9886696761584776 0.06044936192795225
0.8165685178290933 0.7490563015400489 0.15010827388997178
0.18474415126976518 0.015184915829148604 0.08031374894105875
0.9004242178454551 0.5249887979449823 0.07133443840315017
0.12767554860055996 0.272734185399893 0.11550542089991472
0.8382931890925287 0.01177204086610173 0.08068397475857036
0.6013638034899305 0.4308291832883947 0.04068357792707218
0.5521208064470362 0.8493180608330676 0.029938136299087193
0.3653175320661235 0.0072056247283552866 0.08642494760959372
0.32243658969952504 0.549344723188518 0.025784141902153904
0.24713093892282223 0.002561286446814748 0.17529931473359472
0.8642004239871228 0.8850704236091926 0.19217088647068545
0.4484195891390308 0.4012602084712882 0.01165629037995879
0.3233338828140323 0.3761586535144894 0.0445828763724983
0.6298662204135171 0.7186973245569951 0.1352074072425775
0.06463024221478997 0.7656730604500486 0.1496866484861027
0.053084179796381026 0.1866511456475326 0.015923073668078724
0.6991776434716008 0.26918478300132287 0.18581818140605244
0.8977238631100263 0.6795979966813176 0.17522628475565788
0.7347223873555657 0.9274618926416445 0.15660619661499903
0.5830204192838582 0.6962537515166517 0.1372431894363454
0.45229657694873693 0.42293829980035247 0.04264112555148363
0.016506643984927627 0.9545554607290581 0.03712881241855204
0.5280731688089835 0.8953482952608154 0.15235454657574046
0.2909609203952088 0.7522770463310245 0.10626348413037204
0.6762960957466394 0.3918477588320888 0.09789561810936505
0.43527452490986906 0.7412514910960135 0.10332592327762286
0.3171499618687692 0.7493146758030913 0.0663810755535782
0.48662347657106286 0.1968753248442432 0.12468138132941127
0.3368371657797611 0.6784038904335278 0.06993014007867807
0.8403139737211914 0.006711444505006492 0.18784210439579507
0.25455570543174744 0.20676754290169652 0.174726893998294
0.6095077016609991 0.207462885305138 0.0905012814742004
0.12552488980822518 0.15846377653597377 0.06220685053366733
0.5086682350633757 0.9576239442865608 0.1792251922575686
0.8580713523209434 0.07315816354005811 0.14344314667414437
0.590323956565385 0.8173557445621407 0.06260005429067166
0.10782323578939956 0.5868438678394352 0.10688742976227704
0.40231084277949636 0.32559161027814243 0.04163424015310298
0.8193968910471905 0.34941528336535776 0.15265298901472585
0.7891100884944832 0.30943461893053326 0.045552620401974636
0.8361084360489278 0.6968432171383414 0.07323924977689847
0.492678394553825 0.5593229689088268 0.015701027904925093
0.7960820415950384 0.5396157858058501 0.14758897620853284
0.8810991951354866 0.3663432716006131 0.007895035279053575
0.017918018962277293 0.8965962182148723 0.08611938391301906
0.8726607938492045 0.5909718726297024 0.03986217129598324
0.9744577137883379 0.6759531945165058 0.009226746085368954
0.3631596380685641 0.04530728982609822 0.02297916564247651
0.7171484068452183 0.2731616940215589 0.16795811660338658
0.999279964589176 0.8877750017886302 0.03571045522911085
0.6884500566660701 0.27044566284282257 0.07717493437082411
0.8741357497335535 0.7989779257317997 0.14129959528490513
0.4223990483828226 0.5420131619855507 0.1795776165452269
0.9151715052155605 0.012834308842360698 0.16751547819784987
0.8449786329404717 0.8139585966172256 0.19127023222574382
0.26167640089848654 0.8857767339453048 0.06664990344148783
0.1418562836698305 0.7251028923342818 0.0908455655472446
0.5206156653344348 0.900335973467287 0.09641539715138897
0.34121147211583036 0.5729998639947588 0.045865673252750774
0.2861454830595276 0.604036446761533 0.11569204946431191
0.9780556541975394 0.7049302802905781 0.1615775380318547
0.9102475442922023 0.500692922055757 0.00388296783052291
0.06226897254345065 0.2833778072063535 0.17208924184294094
0.0289669291832243 0.843803929354139 0.09149922199291083
0.3985565430549488 0.3850524638669508 0.1562660319542195
0.44970887429203554 0.370043302395882 0.15692078814395066
0.4200398598897487 0.907195744395883 0.07838893248888934
0.46826407704698336 0.47849195993871385 0.19635893957781278
0.650008532767006 0.989233689832768 0.05312803130531967
0.6473866660866757 0.16623261323845717 0.02904205721705906
0.7345922399331299 0.9057889509256657 0.18846955587249678
0.2989116692525807 0.1156357624965999 0.14759989666515705
0.46328383530309025 0.05193687471708708 0.038627238703051764
0.9750167966222472 0.8698524987572678 0.0764448921878208
0.06923324874035364 0.48609333974780977 0.01826545597477678
0.9071257962631398 0.6918318550099796 0.04243251840732343
0.366295743144919 0.8921191950833354 0.10304086408167903
0.6083134095675411 0.8741045743121871 0.1978896549164059
0.4085909643312954 0.001567416605282257 0.12988267483189783
0.46147563358094634 0.3315059318544046 0.04376976265401922
0.5588184076375099 0.8203012558048816 0.07080529021922066
0.5949177814441315 0.8812025755909066 0.07964043054324706
0.31616278637584017 0.13117244549314666 0.19048274406150612
0.35270830863963276 0.7924776751947514 0.0287213221352441
0.4100682519504002 0.0056369929269547425 0.011288651124937621
0.21184342080141116 0.8057223913730676 0.043433271575823953
0.42359477352810737 0.6210479176051997 0.1478698042309753
0.7040357896179507 0.6933599361502484 0.15493084949760225
0.21500302883144817 0.8252195500656361 0.08130268134830126
0.24822631915616045 0.6167536192547822 0.07578539677242452
0.2885263324820634 0.2534030402220874 0.11208141705936055
0.3815412708678303 0.5586509501914971 0.05715252502758559
0.8892393882214651 0.6321158959886441 0.15008010680752418
0.6415727997208909 0.250902405621817 0.021061177758813665
0.311155653943754 0.3057768767165733 0.00357277615708016
0.8611192620626297 0.5269475168239709 0.08743968110837388
0.7951856446563103 0.2116310883359388 0.05060797065819496
0.3068298247850154 0.39714075415240013 0.06856219580065637
0.5217510638777565 0.0812031639084515 0.1936229189443889
0.45387247892473426 0.34602840441184624 0.057044908598689784
0.8734314112722585 0.7470605826732254 0.18812133492849564
0.12748553431330578 0.09219186843901228 0.05551027302926595
0.14215385134299052 0.12594892025631033 0.02138070782704389
0.7561457485784437 0.025626688195489855 0.1266075500305815
0.7036310286386755 0.886697059123486 0.11722586848455603
0.9265405710383255 0.67158769729691 0.14314396210406075
0.8838888191601934 0.5063774712272513 0.02450732070920421
0.773385119699899 0.23453063101558402 0.023431090425546898
0.03806338177860136 0.4931158327082432 0.17353188859492732
0.802573505355709 0.6967289672085932 0.10225048896992146
0.9738184394456504 0.9901212399114971 0.16666114797903908
0.968768297729831 0.2132228815060484 0.040629450206586176
0.7387456053121614 0.8637708925187204 0.1138464758776318
0.5022568537181255 0.022224100387467804 0.16730673404305904
0.8953477500110325 0.1691306376054682 0.08510996864318542
0.5080602594655347 0.6265877150972292 0.09264786714102724
0.9054237700824538 0.6386913381774812 0.1808843814007191
0.5055621925412762 0.1804783998867342 0.18500443034899322
0.7990061701689967 0.47329943560386756 0.015544415038797554
0.2114057224777609 0.40328703077783057 0.06514047249001223
0.3069588967185569 0.25657595638297825 0.06412243817588306
0.22352685002833406 0.7419501804436726 0.19328623959197638
0.4708042523887219 0.6532492629412131 0.17870572953278416
0.1807779337968738 0.1992255911234142 0.004413354026932992
0.02257174607067647 0.6848409519784083 0.07783636333676525
0.15083612553832382 0.25968603102688537 0.02112102197874064
0.6500822825677122 0.6594887543930285 0.034729939028061985
0.7485609693783263 0.6820963427503296 0.14261838146193404
0.46210555327741243 0.2321847266323419 0.1205227508547192
0.9766091406743302 0.8256924566935882 0.19709809714385962
0.3606387969312663 0.9125458769482473 0.1261495944583931
0.28825092253090523 0.36231725127112524 0.1496096788786399
0.6659107857843748 0.5539900307459187 0.01682326501846083
0.5366579931380228 0.1543966425342327 0.19652191763391402
0.7597472790881681 0.7448044653485203 0.03928330071891453
0.5425185603596465 0.19274140747017066 0.1408511405350953
0.9851515315372086 0.48139291170827825 0.07373199776699171
0.0891236766628899 0.46489438533382665 0.042040116605385515
0.8192393114207708 0.29965904123832554 0.11628235294534316
0.4568845669199719 0.6253418074550579 0.05299002432094316
0.9122784571578186 0.04410478632976511 0.10728109535228528
0.7127746568199197 0.2588784087179271 0.101939407281419
0.9311531003336103 0.39723489052865635 0.14639276659081407
0.05901543467170134 0.2476436376619301 0.024688129234356704
0.9691083426743887 0.01508229817349005 0.014063731111373913
0.6633864687965655 0.3850856577031392 0.0030954999906163128
0.27751624872362257 0.818302846624535 0.15503016918094323
0.6941568690305291 0.5249960228830449 0.1900287062114201
0.16639598279032008 0.48189713150469415 0.17386768877685568
0.27850431716746393 0.5437978034405289 0.09216457749900411
0.5196526548028382 0.11915124177815095 0.19305402352479886
0.9164784941488816 0.546846522093302 0.005293779405231991
0.6239789417039595 0.34516607319553916 0.17535674791329725
0.4945225332794132 0.6163736927176712 0.03895565206044982
0.04697256837463215 0.47006038935395733 0.10616668115804671
0.5441120889825298 0.016001338279555077 0.08713308082080758
0.48452147940296586 0.25865901595706686 0.15615123041355813
0.23239841473877876 0.9049888446044978 0.18002446878490141
0.6785264700751423 0.10865765682261208 0.035651904341104615
0.8124229633130395 0.02942458420460281 0.14112244725439774
0.26657918871852226 0.35871068142931417 0.0418230662318869
0.81945015536131 0.536701439286615 0.04838137786477881
0.33267277266957507 0.8168139063546387 0.0667065066111229
0.20556216203611943 0.4774506733400915 0.10443602058077113
0.2841506134446159 0.182319879788009 0.15523482993017512
0.24457177621739723 0.9236602273129836 0.026807006987964566
0.7710299972209826 0.36587524909577895 0.19940782450593264
0.4106050090178571 0.1353537323816446 0.11483318091881206
0.7100785787793122 0.4438272791569059 0.0483162739211809
0.3928305648535142 0.2777148928965466 0.1976212209475747
0.08245465011755038 0.12990623516158173 0.06989882875938096
0.9215890542635583 0.7370383936349381 0.15038770191473155
0.27960810311249007 0.8293210343123577 0.18278587096250173
0.4727952505498738 0.7528842732964895 0.0408524182875649
0.10110561058265455 0.040254212978094506 0.19566169876187628
0.1225225747001214 0.505186885691385 0.16036320195744377
0.518103776895335 0.6759273572860236 0.0544890635898881
0.6360766591374121 0.8330843005221491 0.05560566393761355
0.4497273083240515 0.747126807597966 0.15878981608282297
0.1989424458682808 0.7655173137431506 0.027365461333403143
0.7333745140569091 0.3299006197451899 0.1179388815653941
0.29344404042118755 0.09521128519556477 0.04602991240336907
0.3651027825503598 0.2650073294959149 0.07495708035948215
0.9668580900055633 0.39487841989835304 0.1643788364581685
0.8382491390019166 0.12293566312074133 0.02330865788040757
0.8555146812345942 0.4591228082288964 0.1236359497554082
0.8971995589380994 0.5086162095769611 0.12332266686494675
0.6659259577465555 0.9437266558264613 0.1575204648008263
0.3629912798466116 0.2703829719069408 0.02754072555393332
0.5683959216207833 0.48625324074168164 0.0318183568753045
0.4768504233238675 0.974758787500074 0.03389826035201573
0.9404568096891722 0.3331013250318402 0.016322611335821715
0.7798375542090812 0.5780544337121619 0.18439891039915904
0.7757922575922047 0.20754595193069447 0.19628631817475406
0.21888209517330148 0.3927828513764652 0.043943965672749635
0.6273660346821753 0.054534320333935016 0.08807995698336024
0.4933883125078292 0.6460662636057375 0.05520680209161902
0.3189728164204886 0.34908036327238723 0.1467097107025594
0.6684249770438898 0.45250225396897603 0.14374810986404282
0.5844346139209972 0.7984007757840488 0.131275324529655
0.5507755135595896 0.27867265929865603 0.012677805790455854
0.884627023526669 0.6802163193627605 0.040238345933994696
0.0077073829751543865 0.723325594487618 0.034685182740889074
0.6252570062434449 0.40203775312549206 0.025323798134516618
0.29447758869895424 0.04830184304602081 0.1346570250740697
0.928019682549153 0.5342745706781105 0.1466539804150576
0.01895800351303578 0.6019616241671919 0.11873537448369056
0.6790088376328319 0.9435279836574438 0.11985177338374658
0.8183463440640814 0.42001412887294265 0.0027591249144610867
0.3349890398140718 0.3457166421717036 0.1277661419220476
0.34611095221361654 0.5684562444678711 0.02868796915798091
0.5636762823107021 0.7103665347371397 0.0964540984414668
0.1938567266566975 0.5193592764831123 0.03280036056222786
0.24121419133583033 0.31048325726033044 0.16026438490986947
0.8138272019689192 0.19144839275531367 0.09204021412001243
0.2506460578943418 0.6442977713711806 0.02934894246803237
0.008784909756125336 0.5221180136385702 0.06958702395343179
0.4008113997336432 0.007595325808124387 0.011591239116256548
0.7469179866215231 0.2034152418094025 0.09914209819340006
0.2065631372484159 0.7044311027358975 0.08857665311575501
0.8044660810366 0.7586709421558941 0.07803664165948193
0.18870129816737935 0.0203174031479032 0.0825015770626178
0.38657430065547815 0.565309441660495 0.0174266959852043
0.3251206677243509 0.4003139992151753 0.03036539323803691
0.5104781134153934 0.9587455690297129 0.05577226807481837
0.7323220437881078 0.2641280412021443 0.1778257872756146
0.6218786529887115 0.7573748104309475 0.05860471907361001
0.10695524081577235 0.524960740337836 0.06401294186045096
0.9570432590250876 0.6140495643190692 0.17924439587333618
0.7981461117770782 0.8664376818180912 0.15855557119343625
0.34589395491959696 0.5690587164168501 0.1644910057308899
0.11007745752069187 0.8649063509169149 0.07311057185435159
0.9956343740418914 0.2068071804434174 0.07609886996554004
0.9070912186602598 0.049439214543828824 0.06372292829955997
0.805196269498107 0.4158229032544114 0.12966972437255403
0.27627623336760065 0.380174981466898 0.1011614690119638
0.6772186668023188 0.04147266106703862 0.19092349823335597
0.7202990835537446 0.542672269796451 0.16964421992719136
0.3400370105238636 0.6842869965670737 0.025494163374377446
0.5406928297264586 0.03162230323577098 0.08762282077330713
0.32526615295914163 0.6249027447623491 0.07966990217820964
0.02288779879519487 0.5958271658087876 0.17695304021227526
0.9093917462630534 0.7995218840993734 0.1299559763012881
0.1522685257912909 0.08643219872726804 0.060127111131202816
0.19709607168940158 0.9670278535644085 0.12996133007172347
0.6381671692571135 0.6750101706431519 0.08244691187926807
0.7609721780450054 0.6194429412618125 0.001747924107486587
0.37202751773877785 0.35461797311442667 0.1521148298013974
0.7523294263355692 0.8195699778956205 0.060161214232119314
0.3284385867925951 0.4071365311852354 0.10312459608212506
0.5408484352050446 0.3911357398422608 0.06438309322360958
0.6741646589844585 0.4001987421559995 0.12233735712078397
0.3411615729923927 0.7346122578665255 0.19949122842592393
0.18088445533774222 0.2873137051458192 0.07389227261186791
0.04064973581915632 0.8525798615173089 0.0875226878767504
0.2516651590064575 0.33029179326205405 0.1036652809324627
0.3878633052840553 0.9078337521744595 0.19465179807778593
0.13818405686765844 0.08302180199918718 0.03826839685185286
0.6523805466596568 0.13061939699485425 0.0677036236392472
0.523691410769589 0.2936827454059523 0.10336406442960036
0.8763651382400073 0.07298028692465952 0.02531196706465959
0.21337666965699797 0.7565941213875057 0.09301865503106116
0.44171101673085533 0.8721610798928816 0.01944607845608224
0.45623012231384885 0.3175043598215599 0.11547543607123503
0.1449741409131663 0.2346504503332758 0.04149959098239686
0.5271246054110046 0.083945801558585 0.13300397356300356
0.5601696498294495 0.5504641229134207 0.09026030449101828
0.840499962698675 0.5764763919088433 0.18816954340576508
0.6662180903768739 0.7657331659156221 0.16033704068546603
0.6229124355060462 0.9726938052465294 0.17162609289106617
0.49498745276912337 0.11201861962140791 0.009361071035008606
0.22537872313044505 0.6237286935681832 0.014909396630278949
0.6255075464580203 0.353841326531969 0.17773140133042617
0.551850690949761 0.776756790951997 0.18510680917171618
0.4024122580094426 0.07189239952861559 0.16993714610090044
0.9706162326876926 0.5155498561482124 0.18799571107841861
0.7187506057517132 0.45784416811547346 0.16254247689384993
0.9736358600827476 0.667219097150848 0.14543851996727353
0.4861329251969354 0.8265581063061144 0.028612267948796767
0.8768570109567145 0.13447435514930905 0.16653684519869197
0.664252144873076 0.3311079745309483 0.1064157806694325
0.993850949891905 0.3506877346500463 0.06719525143527534
0.06702285924174323 0.33309659998474217 0.18327315533036442
0.05650490200076752 0.35594145019958434 0.0681150653346484
0.46817264571517925 0.2823133438436829 0.0018818983385924248
0.6501736068980264 0.12656723289661076 0.09749501350110767
0.6437331570045338 0.4023041697314226 0.06172919114276543
0.13621937430440123 0.013329141722720816 0.19439693121437268
0.49551885399441864 0.6777245714775425 0.11448752898542486
0.8711919013240629 0.44362199063991303 0.12625574173459161
0.8657355795894477 0.6706145804070265 0.01870736923445773
0.5273409817535563 0.8944870491065975 0.14566220736096733
0.8800824487219672 0.24054508659572293 0.0016376952136026414
0.3614104993782341 0.7538914218041358 0.08548876762069568
0.9312359178446411 0.8518799218051545 0.19747529381511972
0.36480163152952816 0.24996230469205538 0.06770213915042615
0.7569392866858263 0.47349964723797977 0.011492631205833638
0.21466279825361823 0.5684685461591349 0.041725241742812294
0.4819488918404533 0.12493631601981925 0.16492400335440513
0.7980826933248516 0.5089329154684474 0.006764709509198341
0.22006599830134455 0.5200430166956191 0.1696768949003994
0.12552733412629336 0.1948474533610871 0.16477257769217737
0.5950457706694366 0.48651423938629756 0.07523142721026388
0.619542070845375 0.08343300844610335 0.12420081157832855
0.7953272941430313 0.48760196577723147 0.12972233724644705
0.8544797973588784 0.6794911755177608 0.07884946045349142
0.9696563556656314 0.5914352973314122 0.15726645397344124
0.7359392172732961 0.2947755854032835 0.04219202218354168
0.5755313926250359 0.18301516150798658 0.02508064111566981
0.10739461583201981 0.9919660318906129 0.16874957557829787
0.8711271377179373 0.013170599378988679 0.05468253206215841
0.7282444579109529 0.5781474855129795 0.05541714028644578
0.989447177616394 0.3558438422156034 0.01620516124860836
0.21364283327479472 0.46843463362449955 0.12403578583026131
0.830807883998381 0.9877183462218028 0.17518887354402246
0.7028274651278233 0.21217255628329612 0.15074121243832336
0.47062180670809817 0.9094836517707532 0.07561590659088575
0.9294160636577591 0.9824941335366705 0.15836798930853543
0.5024593331172589 0.552391321506787 0.12677633089281032
0.8138768095983753 0.879809092323544 0.12798735295082495
0.05453232105492267 0.12301562524760234 0.09702552871431186
0.35403901930069837 0.23029234366230544 0.13891954892340957
0.44844463341872653 0.5584876496054796 0.1337141316268229
0.23241113807606506 0.39526744585671303 0.009578262155871898
0.16405093571881357 0.7284926506955807 0.15151827565250445
0.32691551913335215 0.9045495180490761 0.10243862392403857
0.9696876154178824 0.3229508543891856 0.033922702748611956
0.9514993488376181 0.928704743346843 0.16531080869907344
0.5433982244172728 0.7088652422466661 0.04443787251746652
0.7713865938568992 0.388558521165691 0.11986242785775557
0.402951812143299 0.6890086481538232 0.06186683435606247
0.6503161300617983 0.02627353451579617 0.16075369614228055
0.4697043496629181 0.9210080126908657 0.05105448778495985
0.2691610681336616 0.9264318610238567 4.938682940639705E-4
0.5873134379398215 0.9894117889710791 0.11740256277321728
0.8914157446158738 0.6576714137018859 0.06373480606016582
0.008993339975371217 0.10631669320347659 0.027244815601882147
0.6851127055853846 0.019809245099269512 0.09960172831570685
0.44877279397700964 0.8482778832229976 0.011050207320990624
0.19611600870224855 0.42665938267779957 0.013111245658759941
0.1898509086885124 0.52810273853162 0.003333535331603921
0.9171201336325424 0.06393443791576736 0.109906952979395
0.8677683749329103 0.9186777043137133 0.059954947571179945
0.032141223393346685 0.9520866573951062 0.0674918538938974
0.543231788213847 0.3705207724232562 0.07490835310295599
0.8192591532790164 0.967455827971753 0.1777693106669871
0.17892839224350154 0.5329839998876709 0.18633559683446094
0.45568119195206547 0.26778012956417463 0.10880836988040253
0.5008075873205856 0.14802170147936877 0.10383502280708107
0.039039284751265946 0.7005000713477112 0.18899019688420735
0.8057148194717241 0.841636105114742 0.14151107362674606
0.07678129093424257 0.8992268387384048 0.07660808511318627
0.6569515270142664 0.7073322692082152 0.035862616569318266
0.9205097535140713 0.38451409406465564 0.016998869076476786
0.654685151436761 0.33335613588631385 0.043633279739478614
0.16248574018930417 0.05329845591762772 0.05366730950762555
0.8809019537290482 0.9557196292199813 0.12812359438734033
0.7549424815423755 0.6750649675601187 0.11779104972824805
0.9849176554168659 0.6659855187130118 0.07604412188609022
0.056414986090929875 0.10433662921635045 0.11200164276909629
0.7158416707477463 0.219807127616228 0.060497104709208084
0.5094328784758169 0.7952338491325016 0.09134035509340106
0.527716160433692 0.49199328925918295 0.1457134067601136
0.6764652102868753 0.27573877968941196 0.16057546969013972
0.4205754064700443 0.12846583847431525 0.17921811469902704
0.7311415084775635 0.6524343546907023 0.10830456526278234
0.6600303793427436 0.43634052503576326 0.1475035112970391
0.6540759361534452 0.10075390694169017 0.11198977046584838
0.3971829576480347 0.12131330243184202 0.18927903039306365
0.6110332466339037 0.015431636563727924 0.02370028532597548
0.4320985653849977 0.5767682164819036 0.020045753156384308
0.6990197968185985 0.8995186001812339 0.10515387950440003
0.6044715414643085 0.1111097891059728 0.07408440202387732
0.19585247254274318 0.7410336306840284 0.1658212150801863
0.21563952458628288 0.6877081837468392 0.012802356300042473
0.012925798403995215 0.1314334098020702 0.08442330405535706
0.8822448013183124 0.47384929062959924 0.07648361916326658
0.46070650130668156 0.5213711006119827 0.1990266616297516
0.6734908614410776 0.13890004247162868 0.11142712702147861
0.03275606540229414 0.07280044791544771 0.14291244318799945
0.9053530571261441 0.4046009173281495 0.02472024225322498
0.39701178363277456 0.5728787323556458 0.11312863174704041
0.654911258197473 0.688429907725072 0.1898269291789649
0.4622128732008891 0.8292130484691205 0.08866739045587496
0.749182917293226 0.7601637848931316 0.13000102835403327
0.43169022018696834 0.10703435716081477 0.08995727768644445
0.49283453631105933 0.47728882879488177 0.1723650598070851
0.4445613021633712 0.22050864629056066 0.08711079146672303
0.7796909967120808 0.8113565987670351 0.019301433534412517
0.37338591783211406 0.3106094408607952 0.13928615385769963
0.020183608065416414 0.31868252280292175 0.09843684163696742
0.8446104508798097 0.5731668189686712 0.17164712309370242
0.7812811765762401 0.8482704508217498 0.19768871760204526
0.680105524167728 0.9196282232448777 0.18165016871368875
0.4319230032506397 0.8802062740034796 0.08418663686578161
0.9406039556846978 0.9208540815254016 0.09654340794458743
0.9047701008812369 0.32107209586451957 0.158857639118047
0.16006803109655943 0.2964295064557908 0.08469084965504481
0.8978483772652965 0.5806318401882197 0.17242468454966575
0.3785281173811147 0.5483877515966766 0.03217689746080248
0.15538141630350089 0.15695138614669568 0.18073793538046287
0.2536825485605767 0.2131690708690922 0.032514911127281686
0.5781823443227893 0.9654360084944824 0.1518411596514802
0.011854381690729943 0.21771138811465274 0.17246786720479032
0.7471540024812208 0.07056606470618199 0.05494672831243559
0.7994558505822272 0.3077971960433903 0.12415381879970205
0.4098662252516764 0.9863331595019234 0.01040390135559537
0.2389900220975315 0.7865447837255488 0.0377921747971626
0.7253450457188134 0.08084315183007185 0.004523147866565669
0.6602638183857044 0.40999008929366587 0.057563578070190594
0.716006808977579 0.9899573970502432 0.1653654154104881
0.6587191507648468 0.27119148552877514 0.11389484320061674
0.8023541930137885 0.061255557713700504 0.04379645606983096
0.7788040079944856 0.6347101389396639 0.15970545936524783
0.3442589505917989 0.31947188729370524 0.1835936385065181
0.29067381713867413 0.7145573732650905 0.06830244994016248
0.3653900807533743 0.9836991047319698 0.027403115008799817
0.1421792453115448 0.3100145946665438 0.07110005911999932
0.6619936260480827 0.25026664673063326 0.17098027729662268
0.25338286857754533 0.4987541043490268 0.1304587201138789
0.09554611281448055 0.567853985528954 0.022382147699776356
0.7654450410373002 0.44342809670542005 0.08484852795289213
0.32692253682068984 0.5170383238898344 0.16846929032307262
0.6567038766259757 0.9887314944535668 0.110284190325944
0.5881474528454466 0.31842161624500476 0.01794239092964305
0.15258640794317324 0.5376392531275745 0.07546650687570469
0.31142021576964685 0.9444286042822927 0.14478742415398527
0.5484514320261189 0.6092032897246683 0.1620875134337683
0.7831765700719382 0.4218862352992736 0.16190915727779423
0.7607724434025565 0.1414774952267963 0.1319776844735063
0.18710458632980054 0.667030272821748 0.1222475666149213
0.05679282558942955 0.6417008550948478 0.1767323976437789
0.9022802327441974 0.6824582567590706 0.08102195203995172
0.7798699000929892 0.5660708488153859 0.03256567983029703
0.17330799484103232 0.1169535548270424 0.012034892470018677
0.39049009706876436 0.18191015526460497 0.004690830615684361
0.9453057736658971 0.6036141628219533 0.004168907805739241
0.044079758411815106 0.7087814864491033 0.16468429435619103
0.9188902924668587 0.36827719041364704 0.06917473335567122
0.09832481571637908 0.8195169545654208 0.1760897036696938
0.6245097862962385 0.8671553589921646 0.1633077702343361
0.11619358009601588 0.9089605150553184 0.004877901016669495
0.42141628581781265 0.5575923091367612 0.10492022441047935
0.9470504828194185 0.6936062999336551 0.1910846848711633
0.9085283414117508 0.8259667228127073 0.0962371550321894
0.5273493873227078 0.209759206585177 0.02666522592485132
0.8910402692848601 0.9484796862397051 0.11558685030137317
0.9539745253696864 0.6362318887624291 0.004871548962335815
0.11089215278180176 0.20966283888442316 0.01854603305311182
0.8162993493411845 0.31917902290650735 0.10269137650131549
0.7385101289757632 0.7751435261784136 0.0018999825534778303
0.5057800292473019 0.14509190029537178 0.026371857175799953
0.6893163079203594 0.04406803671256654 0.1689833440839572
0.3920848019386266 0.9512380503563914 0.10895443507348301
0.20752441146961131 0.2865582186890948 0.1617107377992627
0.10945550739003251 0.9233176181740823 0.18810642002233202
0.6221888937670902 0.805984126675471 0.16315377304607728
0.3426462856303518 0.08457690378543192 0.12426469901160342
0.48124584321075115 0.41736701272194876 0.14147433711968946
0.154207712672502 0.6902020173314792 0.0269965619317583
0.3976284713092566 0.0739574760333872 0.11485971422813974
0.12927995919378332 0.0010225461312010076 0.1471959870647868
0.37109494742156324 0.23540440146864827 0.028174396837767835
0.11499179504445545 0.9012652699674703 0.04180967124638351
0.2881757402926385 0.3937648558942275 0.0025736365358713046
0.6429837371846767 0.7605732164108573 0.02564015709145098
0.9430179180460249 0.7580967604302405 0.053415518667631105
0.8987997226660911 0.9193749439153347 0.0626922141897756
0.6906294829535407 0.7540954257349151 0.07043894491986724
0.35361977871564654 0.031964016597812894 0.11067742232175565
0.652243193297473 0.8911290409528396 0.16519566077804623
0.5241062033713637 0.050708510650092076 0.18170986406398013
0.8857331448031911 0.9634139766167572 0.15886163001208317
0.2564525977908789 0.9294167273369083 0.006826745106644716
0.7421112397756037 0.12264730576159877 0.10040885248191851
0.031879135514109036 0.7001664674456038 0.15054097489110096
0.616362654434151 0.3332482617411926 0.1591690982929489
0.013005175563026827 0.7063741404492807 0.0948420370606971
0.8158830443277635 0.20490053627774374 0.1624178221895866
0.4533194672521299 0.7104145080460641 0.05244624942575707
0.3955622370022882 0.4061512461951138 0.07997642385214065
0.0943076462006851 0.825963084351204 0.05107149002427927
0.612502032648991 0.3726074934789847 0.07307518103444509
0.8050028184673268 0.7270534788367906 0.10036388842555109
0.4372199976305263 0.018346676475832435 0.09981459611427967
0.8644966507028511 0.06562680088329864 0.178998981164988
0.10810552495060333 0.6834672628997558 0.12736097895746668
0.44635363110776005 0.1794863477799684 0.0014562321540631863
0.5523699845632609 0.7575746371528932 0.0612391663390901
0.3913557141683698 0.9198120127751092 0.0039379530346591585
0.12465160008229936 0.8211150726342696 0.03134330879001053
0.7173897712994775 0.18287118235241895 0.06066032919925948
0.27305358387405654 0.8659107896663939 0.13605196400746464
0.337770132589571 0.639791403450209 0.06094983802533849
0.655347560738447 0.17445778758256703 0.05045786543554327
0.5764337495943567 0.3511206241749808 0.07177149547882682
0.8533674378594361 0.845341697406831 0.059432395122874106
0.5742025885914381 0.7936479276785198 0.1289105830348982
0.11363655227481428 0.19970595995251006 0.035141381534583925
0.9779944895731566 0.16422700220137953 0.06431550445307566
0.6537714475366783 0.45063590262590636 0.19268913014035627
0.1571785434190257 0.2421418776881512 0.13025044122436755
0.67831945012025 0.9825527665011782 0.12464287556026468
0.9702812322394854 0.15526401860417494 0.1379415601942956
0.739924583973774 0.3995581864433261 0.1300068724353511
0.04240294275278089 0.9076281187061082 0.1262437100071018
0.8419590315213774 0.5478321284758 0.05737579426459514
0.949819027144857 0.7732355670431098 0.12329479410018435
0.3212625148517989 0.9947326983402246 0.013977009691845722
0.343513401818892 0.663384850552669 0.09182672541160075
0.17303405731406674 0.8126220987549635 0.03746308989298055
0.18739313726232243 0.33751238403596573 0.059303592360303296
0.9172258754152485 0.9344681045656072 0.16786510554924838
0.10860676092289301 0.08966189307686345 0.051773919385360405
0.17438104628271323 0.14614148700509688 0.022166481700910047
0.6350575881774998 0.027918158894765566 0.07154363757099838
0.8704934629669345 0.8916155593047439 0.08948209523737811
0.4665596598760595 0.7304507366931254 0.1016633260135581
0.9612819735052496 0.28592116462682626 0.1036800149955552
0.13820056125517655 0.35159642448407136 0.17481707156098264
0.02676977253768187 0.9600388188200393 0.08219023723026114
0.5937960968350688 0.8414246322881778 0.022414546270607485
0.2921263284465304 0.8646139391675797 0.16130731510598606
0.5096674826541181 0.993610374286699 0.005311752904243217
0.06962202727814804 0.8075327383839364 0.022988875265615286
0.2695377360857786 0.4446917774756275 0.02628364018842331
0.2628961966761775 0.02543990714497124 0.15633079197286326
0.4747004076175234 0.3927975253558592 0.11368221560096414
0.13655649174821427 0.33203482902257697 0.1857891317474828
0.8237059506671327 0.799950528065923 0.04505105591954422
0.7237937577862966 0.546646935493872 0.13192029704520655
0.2659599552860912 0.7877220174587518 0.020120399562403014
0.9489700420252841 0.7947322707040727 0.049900754772117174
0.03652670953271775 0.16433028951707007 0.08774021715192243
0.19215010773615504 0.5564985341302746 0.16421761983987665
0.6371539411904658 0.8496373540228783 0.14596081984557946
0.7638073059516971 0.7991741233630236 0.029418339701262487
0.022523008185069138 0.9446475433098382 0.15555604191610367
0.7203258053034212 0.30018467007978533 0.18827242231215358
0.2718048931729383 0.3601925785629103 0.19359148660172373
0.9987000094917685 0.0997571755880764 0.058608274810491356
0.3239618843801382 0.046001370696838295 0.005834078525195197
0.8306324200172811 0.5186834279224195 0.19379418183936079
0.9904459723985003 0.7011854348079549 0.14741828042523894
0.39505946265832403 0.05596068935984644 0.1615617597830948
0.3499558255164359 0.38957859454366783 0.10464263974409532
0.2513760767126464 0.8169843469756246 0.15072382662336092
0.8050430636681015 0.20198644332469828 0.013357233204594433
0.06503925019777168 0.6004638886969379 0.12129337200210649
0.9273012934743514 0.21023343616948797 0.19928184726209894
0.7789431107529263 0.935217330540422 0.1834177533126623
0.7336984881284406 0.6373277589191084 0.10280558020990789
0.718480252465302 0.8597873010065548 0.14412867625628892
0.07777047888040478 0.8508525537734375 0.07727499925265152
0.15041935560232034 0.09111345181087294 0.16477606299009978
0.3716994780257934 0.3839713286898855 0.09926912807020644
0.784894930241602 0.055357510639538754 0.18963841080982657
0.20395382114944494 0.34571072058623287 0.057549337960792826
0.33955375083429773 0.5358571754038804 0.047935819482742704
0.5167324161901833 0.929340983701954 0.12179994567909025
0.033244166680005516 0.020901767902787527 0.004540970900512975
0.6518852999952185 0.12896892470227506 0.1823547195313612
0.18594829458457407 0.15777181887574898 0.09318924211168045
0.6665919420652732 0.5785237258304403 0.119124997489323
0.6487041001345164 0.5988377898635738 0.06090875192860375
0.12356383441440766 0.7171609029817226 0.14507044390367516
0.7331761297030206 0.37941364082115037 0.081575880261824
0.9469712288304561 0.328115214685623 0.19182296104382454
0.55081671404832 0.3238309087721447 0.15467824632348956
0.6361182918068129 0.19595978375458312 0.09940184349311283
0.08609992299907954 0.7235319448797127 0.03413670831470122
0.9849282925700771 0.9662052995217202 0.047132849622905384
0.03136234675761884 0.1659493888365151 0.169877611950128
0.6667450994651871 0.7917123854147103 0.0495699840613338
9.830759629544383E-4 0.27198592303065006 0.07710727491314791
0.4203802882110753 0.5173696789247065 0.14195487009784277
0.5529886639922647 0.6888557406337138 0.05714961914980248
0.7836813444482936 0.7271728930120355 0.11894926948793208
0.7940565888719887 0.8090917195880242 0.10836613788445544
0.1434861943940543 0.17985361548289525 0.16433029437961516
0.781074678695971 0.7802304183845326 0.012061967223558368
0.4433584629218775 0.9485642402580631 0.03620934093423465
0.495024916083757 0.7270056773416285 0.02924367536700996
0.9600355424653007 0.8992047077953492 0.14216380298056552
0.6215047855094996 0.13213164684042777 0.16936089167788493
0.732514585303695 0.16753965747058874 0.06336928304408085
0.4815640045048295 0.7756330320070133 0.10833569704025758
0.21996912365160293 0.6884313011547897 0.05017830326948565
0.2059727010640039 0.8882527966488963 0.05373822279686411
0.6514265292189889 0.9868130666540713 0.11927357779978183
0.10918553883463933 0.4631837220181477 0.14025508847114979
0.9959152442758187 0.7393339428672263 0.11206872538430863
0.404130200938295 0.3330473803296522 0.14584592459014184
0.07055493093164655 0.6721717517645981 0.024850969202155283
0.09791124436295706 0.3558800274383911 0.05229402272126096
0.6691325088215038 0.27297733188210604 0.06454800581077147
0.5483414840105176 0.17444821636209884 0.03420642469277391
0.7477793888658996 0.3962802702194096 0.01311882302510703
0.6530218728992739 0.6864534311008712 0.09575807110995536
0.2695088444803263 0.9493405331868179 0.06345479821454306
0.6319987888190177 0.8674165237381086 0.12933087907414184
0.7670324503938579 0.5111299770085156 0.1072472368506557
0.48171552110053073 0.5609509583610006 0.1362728735409012
0.6242734241737515 0.4970038997737013 0.06931931815970609
0.2863002629737429 0.5398135376735422 0.015771764716067605
0.45152508349085996 0.6061835669314499 0.07409864726612539
0.02083018651675439 0.6520042841505383 0.02865291055571191
0.2968362483605036 0.03330079800946062 0.050759949705931943
0.35308697112255105 0.41509528507827365 0.011000155410179803
0.21588824266559514 0.7782094634749057 0.008510255761901077
0.31285614880735735 0.5840970542830504 0.026961045693416244
0.4426781277237437 0.323683086199103 0.18881013779308026
0.8527802035113993 0.17808944238109348 0.1869121128328418
0.9514384079002344 0.676496575457568 0.1951882137626336
0.05828344128266294 0.2524996704710708 0.03917655296250704
0.07347157966977158 0.9761195927021661 0.05375137333496025
0.5966566410738665 0.5006202431777788 0.19043271873488674
0.3874077431468673 0.4935844295819688 0.1304339855826972
0.43190097379998926 0.07242253978774138 0.08842844736417706
0.8036205326494225 0.28216662383158264 0.05825484477907475
0.6116435103372548 0.933005801719905 0.07410032482836704
0.4383620554413129 0.14683996358301754 0.06502491115871104
0.27898292269062996 0.628572482851418 0.18903995637010107
0.955165198849166 0.10092063578784949 0.16661074310106816
0.933511289547482 0.5754598843260483 0.015677595822821157
0.8341630650939474 0.44015679917382045 0.15242260492921167
0.30436946597558046 0.3876792631682364 0.18566899348250487
0.9175058820239899 0.8353827978326184 0.05955088667962743
0.1807874039617644 0.3701877649281544 0.0677501213789292
0.333713639845156 0.0077483482751380395 0.053084250548316114
0.8332685211094717 0.04769218860215163 0.1376187211638315
0.8976573381757595 0.17283586348960578 0.11764682822466484
0.6469086466787713 0.5004737752976999 0.13393727382885381
0.5473581792312362 0.32345205893007145 0.05600357795499309
0.6571757734026291 0.7272297146975925 0.15793110261000012
0.6547532000875302 0.8516541818699982 0.09349215036686519
0.4420765069608139 0.24731625170910143 0.01775420130765375
0.8351924582767707 0.009156109565668591 0.03270976448754368
0.38163063990713175 0.5474973525101741 0.03816566392704821
0.4892777335923172 0.2765374348241231 0.19385433608683741
0.4789739339207617 0.7371727150080428 0.03332776546176981
0.9096706640229641 0.09490639711763726 0.036804069684040465
0.5645957469025985 0.2262724706243111 0.10480453975944613
0.6530101715119677 0.3324798785847849 0.08770794697071281
0.8279478561741419 0.316136595038794 0.10408343135330529
0.6507796554289538 0.7709464742511252 0.10371565838099822
0.7750683353845107 0.08968720263000152 0.16201409971529665
0.45992429558764847 0.24485614812906842 0.09453769377133758
0.16745736356534846 0.8063742687637454 0.10618407600224916
0.24068374790835412 0.5283883490591269 0.1907095115528528
0.5111018258924078 0.4124233129479069 0.07803236458556995
0.7112943422576621 0.7988260123534594 0.08952625810591296
0.7245317922848229 0.6399090844940479 0.037915800554035206
0.04212566083767988 0.41040724565985 0.026280980295954673
0.6947366577798292 0.22056602727047314 0.16874064024977703
0.6000152808327294 0.6658300187334054 0.08821849123541606
0.23767957117663252 0.8228468261983296 0.01437985302692657
0.6810025771454159 0.38979948971964107 0.11092305676557142
0.20840903973314673 0.6337463069343064 0.022016721292143604
0.02965439033361672 0.9882684792365882 0.04298008896707853
0.0811328462238361 0.8598950447913218 0.09876391750007663
0.5484186114094333 0.6514368872851801 0.02785401639839398
0.6532274776316421 0.48433415055753803 0.1902561702412855
0.27300796968915464 0.7455269500188315 0.09704539928809981
0.7645088638244698 0.1645361919747923 0.18712991699878856
0.411148184697834 0.7895971827194924 0.18264462408813298
0.19407644053810025 0.3313281236783825 0.05598721628566261
0.10294505458579684 0.7653311431667884 0.1991756315743085
0.5659142836330373 0.09447252008607776 0.16306978177072676
0.011827340765719896 0.6303450592396613 0.09478570935702385
0.009827370258178925 0.08521917807442392 0.1467938287136736
0.9550783485478959 0.5539847334912344 0.1829252570902762
0.06921378330142092 0.5849686177548129 0.13174446103618953
0.4513230118537348 0.5580835610962281 0.012088378464021755
0.4890073781476273 0.2774897481124031 0.04080068101484611
0.32730962628772675 0.39736393775275325 0.15924097199927922
0.8576297786300446 0.4044749081506068 0.12973562718112563
0.7756129379678005 0.8630910247571107 0.11041084416227465
0.9020961944406151 0.5445415654336455 0.16276269479093539
0.48555501818176405 0.4316128689038997 0.15959412000343673
0.5660351726849975 0.3274236363163363 0.08780367613527357
0.5381418975950498 0.7333043377193349 0.07655727406184992
0.841192389331598 0.1507290609333778 0.023340969168647765
0.627963792823538 0.5983041000050122 0.19907413873165747
0.9132466008146741 0.00834653302352284 0.19805947129662357
0.17600255408442955 0.08880382453177771 0.05129569588836918
0.2461102584429148 0.3488075828839641 4.3594372219810665E-4
0.9617011639678769 0.5833992537868543 0.10484697591248951
0.2233209697569094 0.049470837286987424 0.005221523102857728
0.8244221117347779 0.5014013301083634 0.13229353942979277
0.33303861111583355 0.06848812937427518 0.0014876706086403458
0.6668743880603495 0.9926644216654844 0.175109209624471
0.3013031385599251 0.6807089845366423 0.10354430146058068
0.6989189897790625 0.9544278521882453 0.10337097176230639
0.20771388081920572 0.834924362106109 0.07944224860464744
0.4614386063756568 0.1382659875549178 0.19714492830007482
0.35406795289411297 0.6164640273314926 0.0766674119449125
0.39812605626822095 0.17926214109565985 0.1668237378176881
0.3796292891275759 0.9488388964577711 0.10262236885672167
0.43892695045886154 0.90209237774585 0.16031922838468218
0.9408455821114047 0.017931684321230934 0.06704946771839818
0.4226602266670565 0.7553378404300299 0.009668740577742585
0.7971229038651958 0.8086299120358579 0.10002912950366999
0.02760735779472412 0.2009177344296187 0.15081854376697862
0.7007137896032357 0.07258678760069681 0.1048145531810627
0.8665508442548455 0.07931112595360035 0.13251725402962036
0.3952572834058512 0.8221812303173703 0.11864127534017253
0.3151758595858821 0.6068438018899607 0.009674700201664678
0.83578655228529 0.5043006780626899 0.06275315476909549
0.6176221599478432 0.6967667048960057 0.011382114762384422
0.48922398951633805 0.6422323055805459 0.13806704182152166
0.5973546668453092 0.6735266146760648 0.17408616078596276
0.029023471752143704 0.34804290853325215 0.03488369563664402
0.5018578963891078 0.3462852289885491 0.14807687216023754
0.6555762096269805 0.46404680715772484 0.19044296407256234
0.8417706019003771 0.4845148266042817 0.10427638618739105
0.6445300438032991 0.5623793594748207 0.060394591244084396
0.624158777018986 0.39089018821738686 0.19396643923163792
0.021913561023055972 0.8477518851924986 0.1297629190248495
0.8102471476089028 0.8745971205439891 0.024105897616742825
0.6959136739347441 0.5109857967739536 0.03295107031703588
0.6940368763356015 0.10583829123021204 0.10468025534448613
0.13271296172890756 0.9701027223837673 0.08485991629289509
0.8531521972470868 0.6783758846314585 0.17338118261230762
0.17470623646457328 0.021154760684292895 0.14726487589503479
0.3796731215334884 0.5544118779642655 0.10000073594585082
0.7748199743365753 0.37155969823824 0.11405196307249166
0.8786997588549298 0.23235522757973692 0.18328006527234783
0.9060588284501458 0.6227801480352844 0.14048918786057984
0.7073973210537048 0.5148178518028623 0.06349104402807586
0.33068551465491913 0.14444856424079966 0.15700271944089705
0.70811335928104 0.1976515267639023 0.14353981504151803
0.14285979068429933 0.6855632411563234 0.0854149910736321
0.21603301193578062 0.12149265273314513 0.12052815085331177
0.3807527452827738 0.10660662852515934 0.050636381262606125
0.954315565977293 0.5800048177188046 0.031030805420979735
0.622122699201429 0.5051900924248532 0.18560934046724278
0.9866818476028296 0.5530580073542071 0.08125833471452835
0.398469611639397 0.8223007774399357 0.14098557485654228
0.7073161455855265 0.6020898002184235 0.014065066300026153
0.7889356350843912 0.9409894408201908 0.10954992629848828
0.7984053233243312 0.2368679437999528 0.02659415064622761
0.4722226176232689 0.3683363380669403 0.08163987923182976
0.6737298048474122 0.830195830694856 0.13526566060372364
0.3434593001492119 0.9780872476263193 0.08147448113130829
0.508894747138867 0.6465321360615346 0.15072328102809496
0.048057988887014846 0.4981577903407123 0.16200189450672442
8.608718725361397E-4 0.6731648609124208 0.00804938311060075
0.18540584031431984 0.5763319495459828 0.021077552327464624
0.32660227268508857 0.8439968740405531 0.052701232403119594
0.715376141618964 0.3303761948767925 0.1548465745528477
0.8175520536377363 0.056047461340502314 0.03775183555746484
0.21812660534913741 0.37627264058732635 0.09235129978281709
0.9269397209330603 0.4617092815589081 0.19255159543967507
0.05485636046621134 0.8805400535402349 0.012718797589363185
0.544500023676482 0.7242567053236861 0.0981504834754651
0.33088128131360206 0.2592297448957144 0.08378103591033288
0.37003386652098513 0.8330867584007915 0.1938988741733499
0.5336885854481745 0.6660997553552066 0.17649319281713896
0.2660004267031226 0.2560703052257106 0.1576178883158028
0.2030571718799522 0.40400600015726806 0.09777017661662002
0.5011602338477736 0.46095780213937143 0.08551066518281464
0.3677591978701624 0.24439839638544802 0.18695914277659081
0.9130910814912487 0.452151702724915 0.056363826036651445
0.3680520025690077 0.3470429769600859 0.07658354441851015
0.9573598689653244 0.9638369009582217 0.028227497027800343
0.17375884164397482 0.8921544629712115 0.11158319425800088
0.6848212761990982 0.3303311352875766 0.08720163520929183
0.2372291748453632 0.6358364930871138 0.13526179794109416
0.06487667968464439 0.058840237038124465 0.17161003537494113
0.10624962392363047 0.7022847225980244 0.013639944200209265
0.02988168728757845 0.48220765701278767 0.027000621600751763
0.5157999215227669 0.9671819361371812 0.10887398731342662
0.7919354419537022 0.027745433627865856 0.02623519792385323
0.015550203056952427 0.1600486756962367 0.09969164660701856
0.6250883676784603 0.04520420444674478 0.0044629801255926084
0.6426816553813783 0.2223283387788918 0.15213922062363008
0.5200137518831963 0.469142987700052 0.12292403694590855
0.9718670440847827 0.765378488781368 0.08393587697652148
0.1202211503172208 0.009527101274454552 0.07209018100767937
0.5553275984203231 0.5503778795219212 0.05386252725898395
0.7141437186847347 0.9648227962780345 0.15928594791277328
0.27942066305742774 0.4918911996018215 0.10422953843268144
0.9704751718074234 0.014052615303182359 0.17618043277935447
0.21821780122728351 0.6092752932406746 0.14679403784460562
0.6089119383139246 0.5824845795730503 0.10681529897796378
0.8513860823117144 0.8154629944498039 0.014636644377805541
0.4482919958123438 0.18848280018044994 0.18842529294021826
0.9601469387219137 0.2504894847073509 0.1054346480727989
0.7817096333075986 0.8995557597707469 0.06837807911263476
0.532286517625779 0.7063777316529174 0.0631363680258231
0.9155941117829001 0.9711837040606519 0.17615009042740581
0.7406399937367365 0.32899751959104684 0.12997549631194802
0.9584168391177318 0.46434642270550064 0.03627786494467829
0.6390507053130908 0.35894526262557647 0.04066689903648946
0.64545529371631 0.1729389323788687 0.14546947204757402
0.009771489311295012 0.9344387333264427 0.013972484009483567
0.5890882159125911 0.31096565874800663 0.1051917564650085
0.6452629612978352 0.5311174114597655 0.15896964992652224
0.9089962819322518 0.8664220617289775 0.09260578668431202
0.8383602546226149 0.17231491752528816 0.18652127576252817
0.6423400400712095 0.31336942690740044 0.14211872546864743
0.5552073482218033 0.18401274243160914 0.17973756926545018
0.6888034338014107 0.9595118311222838 0.14334473372680065
0.4769560083613815 0.675869970783752 0.006612213961934211
0.6970214745970398 0.8016046835244067 0.007084214485184992
0.10512559617500461 0.6473934901393252 0.07636018160772073
0.24442584215554874 0.5576439236866114 0.049079189324457984
0.45223002747777397 0.29979036203202725 0.16800864530192172
0.7583854117930018 0.9697608293377566 0.15369643791166873
0.4886806647407329 0.7920214248389268 0.16209724264735895
0.8385141960683734 0.43621406077604186 0.14011868378125236
0.7283273202674041 0.9361257731422569 0.04740621464306723
0.2933574685635415 0.18033378614860995 0.017751480356123086
0.8319364044050734 0.663451949348586 0.16480176754449438
0.23392226841554475 0.12861684122523842 0.012918596919315451
0.3484328752112896 0.10083664810111737 0.1967948072465611
0.7656343065004227 0.31365426990278766 0.024935652867782012
0.14023566264545184 0.7242083422263754 0.1683524147631298
0.09259995414658784 0.28882556587838437 0.14760969701910864
0.32824991944051696 0.8661335538792301 0.14285875696246464
0.4562252395374433 0.8237262064563733 0.11527538294740947
0.9051780660904382 0.26241154964951596 0.07474416420807697
0.14636467138598952 0.10948825440021814 0.11568517298268388
0.3982838868813091 0.859281061098064 0.0119151504703938
0.5786838430065281 0.1432675393827615 0.1923362610862509
0.9944701382655993 0.6548226480307711 0.06832532226761778
0.9676454061044504 0.6673355586423225 0.04492891191636075
0.48577013320678586 0.4127964148166059 0.04830399479466405
0.6406596301436387 0.5309401210235959 0.059274534836747765
0.8507402400849311 0.02088929773017345 0.08495799834786988
0.3450517434430934 0.12726663393944015 0.15964536300221716
0.5897797699448567 0.5339812279847271 0.03730815388461319
0.6645315355999782 0.3727012517388556 0.001695919800106549
0.39748086535595917 0.3717688953456192 0.1039181368901861
0.6641281099730256 0.7647989933284225 0.10897776027301097
0.9344827918922229 0.163482375105367 0.18059498415995592
0.25976936595695055 0.3369043984903186 0.018878073504217687
0.3911018609993565 0.6444350575108918 0.18914042359065444
0.3079110171195446 0.7636392362174884 0.03457825836199866
0.9857428775133338 0.21308587848898541 0.1028356963252479
0.6383003606403459 0.6392224110324499 0.19026471520070146
0.26764765314465067 0.015856300964609216 0.008952258939797541
0.9249150768313955 0.7109513157301706 0.11111984690372448
0.08516392576615905 0.11220532610722056 0.1925724745638421
0.48154255652604216 0.9986609716147355 0.19324092775297697
0.8110526600949646 0.6158687656688433 0.05973023046733559
0.4639313751855052 0.6474697888704001 0.019116677866451284
0.09340348191018677 0.05053450667920878 0.19856753582891815
0.10389798589777954 0.6598766683006195 0.16105068874145567
0.21687861721075075 0.19974762117860245 0.008951437718417799
0.14552946778889575 0.43292531384933275 0.07924588786087201
0.5410133698683937 0.7810915554804446 0.114782259689851
0.6123828803264186 0.11970780207756382 0.08631931059002798
0.341298343364591 0.5026145205022764 0.05690118234701513
0.0294123390137927 0.059320441630559606 0.19084061911163586
0.3602636856805149 0.7433894055840361 0.09279871010119647
0.735703593368005 0.9272728886429535 0.03599499444205534
0.10966085993514652 0.8777015673833496 0.19383752149737954
0.544781057494541 0.385413765453561 0.07445044027481658
0.31535087834879794 0.38072592592065513 0.01990980385988879
0.688470780305816 0.12718597074757432 0.14762522995269584
0.21229250782081777 0.41912474389740983 0.10070233560209044
0.27762412754773746 0.5753409795820476 0.019341997935720025
0.7610867672590295 0.8585941174673698 0.09426856900381722
0.8473765793851223 0.5843837866105622 0.12473545510942219
0.33725985202287156 0.08720248466420577 0.0065075182668943524
0.4543541603315534 0.3026214925268199 0.18153925300878815
0.34160978580700707 0.9429710079709895 0.015400882282990436
0.14604282321882978 0.5667549215826955 0.14067876172780716
0.28063958772985453 0.39048861826405346 0.07431406433011271
0.9254720358806658 0.5278698047793376 0.0664792462382853
0.6908558963385178 0.5677518245531455 0.08905023407853918
0.9438803764986633 0.5682065109227192 0.09567722951241671
0.3344116894889835 0.9335707222261789 0.0402607863046395
0.035947002302260556 0.3743509578891443 0.16258586243472287
0.11547152668823013 0.6098531256925872 0.01973704836419741
0.6916835568646604 0.42999923541529694 0.050876800453294194
0.38041217258081417 0.6133182887755816 0.07638857924853922
0.5707588798963379 0.3100899441999835 0.16804064616711822
0.6285457106714244 0.5985175067429531 0.03257923020657729
0.0028154201670457235 0.3621267950409712 0.1860893569364774
0.11585159956262203 0.4386481117395721 0.18804505812534758
0.9845558249793421 0.49856475322597893 0.07275631468147499
0.5589853109931373 0.5121090392929577 0.027834599039200603
0.7437230705788928 0.47921111825826057 0.19449709324397457
0.8017268320668904 0.860006548491592 0.09044364767706839
0.36363961477283513 0.8020839715759989 0.12103509762202398
0.28655069679727785 0.46119762208906545 0.12728999054409182
0.4811549443181472 0.9468304577686119 0.037945937348759395
0.8600227432414356 0.124651542885304 0.03649005576256603
0.026498010002499406 0.5127688977367745 0.18762068187514536
0.4465162152037876 0.9209871415467294 0.021035837995430608
0.06583439192751073 0.7843918835228971 0.04055625295972176
0.5489217675163702 0.5224500405912569 0.08927830273357623
0.34586119579639363 0.4456317194727617 0.15082906445397382
0.21061402289077102 0.2591511291153703 0.16632907072973402
0.2934774127622951 0.7896060715710311 0.19623069124823247
0.8173088891166922 0.454288970213781 0.04769746203927501
0.2707676371563964 0.5565607213261841 0.04117013004329655
0.9823656216051074 0.6068966313360495 0.12716137778069073
0.46392436453831876 0.9373166649393788 0.10724055466766036
0.2806804325005683 0.04133138982189699 0.04237927101008481
0.1413822139707701 0.7450941997735689 0.08234846932481417
0.04510068426683689 0.641585390681925 0.17381372135067297
0.25778918855200994 0.961882471026126 0.15642365296095306
0.07013481993674675 0.49823125038333416 0.12175600428841418
0.722317280221205 0.9676850205795365 0.02375832988243729
0.36990795780787955 0.5884987423108032 0.08609223744664816
0.667411596125588 0.6575056619224907 0.14462819204509156
0.08444456871648653 0.717054245236721 0.14428686066118127
0.9319653823192192 0.22172795911595988 0.18956430793782325
0.9284585575834613 0.7073410094536264 0.1221046680741475
0.7550313451313464 0.7248447626380914 0.09788872208346128
0.9222780390786003 0.45103376391248984 0.18295034514454991
0.5158598187100556 0.363942358303479 0.03918591590648082
0.46208708105688423 0.7058334527430205 0.1263504394753754
0.7659855761285156 0.7549460424146591 0.06542184098815063
0.4874607477172227 0.14842489219541832 0.03188908536491802
0.9013372041989913 0.09877316077806586 0.14748063786540128
0.7337112615314811 0.9182590378111701 0.15656176482224501
0.5983642884243942 0.17297296290919417 0.08988086408742078
0.9447358395608993 0.8666014365789205 0.08263261882411968
0.6787841367399495 0.8132930235101097 0.1701467747447479
0.8331164453946681 0.7010757471250582 0.008146932671714647
0.8229402316443492 0.6644079465100938 0.13541018174092787
0.35680367832341486 0.7951741400300681 0.008612770558960859
0.5815078771736883 0.24465949290123234 0.16084383040335415
0.11882633809571885 0.33072448560491974 0.008251332144048185
0.3583239819470748 0.7753464565162715 0.006891695219264405
0.9554910718001134 0.7342910326429588 0.16172527920327884
0.4817781518743077 0.2445006045818816 0.15125487555779957
0.8612264931221306 0.7405148332341838 0.038365516457451725
0.5361762371436017 0.01619857433096905 0.18537719551761578
0.5907205565532616 0.41041341902153483 0.14348035631725506
0.7848461139406754 0.15167332120704258 0.19379172130654684
0.6018029576505091 0.7039800230752769 0.12507389533668384
0.6399435111470213 0.9045584983441038 0.04005216075157747
0.46052085900775164 0.7667443573802644 0.06582405489741938
0.6857532910528726 0.5006589085624351 0.09887046655303733
0.6623032521642094 0.5613505416753399 0.11295158579949101
0.06796526469182329 0.9581979281193513 0.05617797186903333
0.7536398743665973 0.3391185472196513 0.16300118350311088
0.0555016730885638 0.9774302382490536 0.07466146091853505
0.12532237140132496 0.2938031541396606 0.10178107635488523
0.05793366729696836 0.6930842566962082 0.14131114751822632
0.3333914846716498 0.520546144243977 0.055869771528700984
0.2436638787988773 0.6879458589356732 0.19694427159220243
0.9642618266510161 0.6769000657555576 0.09217437667836635
0.4145703337031609 0.19402016966405744 0.13869974888877426
0.05718850957514521 0.928735167807586 0.10386601481688185
0.8237699459058373 0.9264963304998229 0.10017482620982224
0.8258051728745269 0.3901411522504601 0.03935041515536415
0.9060163989051472 0.8069463010602371 0.1871086548533447
0.7607835743593172 0.22080048020778498 0.10735774250834883
0.2658153238512033 0.721948276201592 0.08809855110584607
0.2619983674419313 0.32380924635005603 0.0642315149380027
0.9368159312379133 0.9521440810697628 0.12042697168416211
0.3395608931940387 0.547999623017501 0.14441351627937643
0.6969922488324052 0.4995022929617994 0.013219680498408694
0.9717191358593256 0.9072971606839373 0.11418682236153906
0.7665049227268249 0.9765210541002692 0.09826242298071433
0.7312912507717917 0.4107193732468851 0.14105352577296115
0.3072548450829222 0.22390104695131163 0.1691637224016639
0.8427645302779749 0.08486201409891136 0.10266460057712697
0.9227013242618324 0.3508565229323193 0.10032911355900097
0.9455839946303463 0.9600686468997067 0.08283746716045354