3
15
0.5707632741579819 0.8838654770750758 0.1668617806046438
0.08068072905624069 0.2814617180238541 0.10414179852353843
0.4424582194985882 0.31329956925947355 0.09276853522644371
0.8406107429066096 0.5149859265839996 0.03180201365535671
0.5965597270698092 0.5817450853755458 0.030503758785297944
0.07759151922503571 0.4815820394850101 0.06080273471182902
0.8416852176012102 0.8775998718177481 0.02238080640638278
0.27248918337299366 0.7695550026074627 0.02712520556407714
0.9323260235418377 0.8755390186306592 0.012251158391638817
0.8816340322609652 0.20317551873677964 0.07590801302807622
0.03198324003327835 0.6437934285399589 0.08321924467991137
0.44416474729052935 0.362005013141795 0.05428308039732306
0.35653990195069696 0.10053965145736399 0.1653782023403053
0.4360478869926939 0.4593537516724425 0.16582960606675795
0.8450854256181038 0.34847939532869 0.11237279904749334